             -0.4959             -0.5236             -0.5236             -0.5236             -0.5236             -0.5236             -0.5236             -0.5236             -0.5236              0.0957              0.5236              0.5236             -0.2698              0.3599              0.3599
             -0.1366             -0.5134             -0.5236              0.5236              0.5236              0.0749             -0.5236             -0.5236             -0.5236             -0.5236             -0.5236             -0.1028              0.5236              0.5236              0.5236
              0.0005              0.0019              0.0052              0.0139              0.0366              0.0062             -0.5236             -0.5236             -0.5236             -0.5236             -0.0270              0.5236              0.5236              0.5236              0.5236
             -0.5236             -0.5236             -0.5236             -0.5236             -0.5236             -0.5236             -0.5236             -0.5236              0.5236              0.4067              0.5236              0.5236              0.5236             -0.5236             -0.5236
             -0.5236              0.5189              0.5236              0.5236              0.5236              0.5236              0.5236              0.5236              0.5236              0.5211             -0.5236             -0.5236             -0.5236             -0.5236             -0.5236
             -0.5236             -0.5236             -0.5236              0.0950              0.5236              0.5236              0.5236              0.5236              0.1823              0.2820              0.5236              0.5236              0.5236              0.0339              0.0339
              0.0030              0.0116              0.0322             -0.0189             -0.5236             -0.5236             -0.5236             -0.5236              0.5236              0.5236              0.5236              0.5236              0.5236              0.5236              0.5236
              0.2520              0.2690              0.5236             -0.1253              0.5236             -0.5236              0.5236             -0.5236             -0.5236             -0.5236             -0.5236             -0.5236             -0.5236             -0.5236             -0.5236
             -0.5236             -0.5236             -0.5236             -0.5236             -0.5236             -0.5188              0.5236              0.5236              0.5236              0.5236              0.5236              0.5236              0.5236              0.5236              0.5236
             -0.0035             -0.0158             -0.0443             -0.1176             -0.1351              0.5236              0.5236              0.5236              0.5236              0.5236              0.5236             -0.3632             -0.5236             -0.5236             -0.5236
